Algo3: (32.108712455732196, 34.804980860791744, 2.5)
Algo3: (32.108711697652716, 34.80498310862223, 2.5)
Algo3: (0, 0, 0)
Algo3: (32.10893729705658, 34.80522727149431, 2.5)
Algo3: (0, 0, 0)
Algo3: (32.10884414673527, 34.80525617975726, 2.5)
Algo3: (32.10900017389758, 34.80538249453578, 2.5)
Algo3: (32.10883604549823, 34.805264079306184, 2.5)
Algo3: (32.1088348763989, 34.80526823883866, 2.5)
Algo3: (32.10883328255773, 34.80526693800573, 2.5)
Algo3: (32.10930644929886, 34.80561446230099, 2.5)
Algo3: (32.10883036098387, 34.80529666199996, 2.5)
Algo3: (32.108798622729395, 34.805304613001006, 2.5)
Algo3: (32.1088020479941, 34.80529526831937, 2.5)
Algo3: (32.108802074530075, 34.80531823186098, 2.5)
Algo3: (32.108810708263036, 34.80532455368015, 2.5)
Algo3: (32.108797316273055, 34.80535623030734, 2.5)
Algo3: (32.10882359888435, 34.80548505413302, 2.5)
Algo3: (32.10877241337041, 34.80545030234158, 2.5)
Algo3: (32.10874364656052, 34.805439902487734, 2.5)
Algo3: (32.108650435354726, 34.805551207183306, 2.5)
Algo3: (32.108723680762, 34.80548415903899, 2.5)
Algo3: (32.10874037853883, 34.80546447218073, 2.5)
Algo3: (0, 0, 0)
Algo3: (32.10874801583416, 34.80548286852278, 2.5)
Algo3: (32.10870662629784, 34.80554712611649, 2.5)
Algo3: (0, 0, 0)
Algo3: (32.10872501959523, 34.80549169985198, 2.5)
Algo3: (0, 0, 0)
Algo3: (32.10868844342152, 34.805498616598605, 2.5)
Algo3: (0, 0, 0)
Algo3: (0, 0, 0)
Algo3: (32.108675888602896, 34.8055026857405, 2.5)
Algo3: (32.108680388791036, 34.80552607155272, 2.5)
Algo3: (0, 0, 0)
Algo3: (32.108743170677336, 34.805434665484405, 2.5)
Algo3: (32.10872600640045, 34.80547246307621, 2.5)
Algo3: (32.108724547684716, 34.80544080706218, 2.5)
Algo3: (32.1087738556675, 34.80547704190821, 2.5)
Algo3: (32.10876433210335, 34.80541752153459, 2.5)
Algo3: (32.10875645054808, 34.80543214426369, 2.5)
Algo3: (32.10875575835259, 34.805435517930334, 2.5)
Algo3: (32.108749236020266, 34.805428377709234, 2.5)
Algo3: (32.10875536333359, 34.805405499700655, 2.5)
Algo3: (0, 0, 0)
Algo3: (32.108773580212336, 34.80540019968636, 2.5)
Algo3: (32.10881723747209, 34.805406084835255, 2.5)
Algo3: (0, 0, 0)
Algo3: (0, 0, 0)
Algo3: (32.1087736694109, 34.80536321864253, 2.5)
Algo3: (32.10875127231968, 34.805363317271116, 2.5)
Algo3: (32.10880775101986, 34.805360725008285, 2.5)
Algo3: (32.10878799489483, 34.80534553354603, 2.5)
Algo3: (32.10878373861574, 34.805335011679006, 2.5)
Algo3: (32.10880333965545, 34.80534890455727, 2.5)
Algo3: (32.109855625506825, 34.806139600447, 2.5)
Algo3: (32.10879824917152, 34.805316220347954, 2.5)
Algo3: (32.1088070635772, 34.805300352130736, 2.5)
Algo3: (32.108809181380785, 34.805282240291824, 2.5)
Algo3: (32.108810554985475, 34.80529684604247, 2.5)
Algo3: (32.108829183063015, 34.80529139798035, 2.5)
Algo3: (32.10882972428631, 34.80528997137835, 2.5)
Algo3: (32.10883737271347, 34.80527069009257, 2.5)
Algo3: (32.10882785784974, 34.80525799176132, 2.5)
Algo3: (3.1702064797948375, -56.088907739303465, 2.5)
Algo3: (32.108835164317206, 34.80526029018468, 2.5)
Algo3: (0, 0, 0)
Algo3: (32.10883470472537, 34.80525105723744, 2.5)
Algo3: (32.108831641860824, 34.805263404780156, 2.5)
Algo3: (32.10883605319416, 34.80526591474265, 2.5)
Algo3: (-82.93802941790709, 37.0733992976473, 2.5)
Algo3: (0, 0, 0)
Algo3: (0, 0, 0)
Algo3: (32.10867492901979, 34.80494452449971, 2.5)
Algo3: (32.10866798977109, 34.80497033580747, 2.5)
Algo3: (32.108682525713526, 34.80497630562627, 2.5)
Algo3: (32.10869884682605, 34.80497067668101, 2.5)
Algo3: (32.10869205220005, 34.80497746443227, 2.5)
Algo3: (32.10869096164129, 34.804988740142406, 2.5)
Algo3: (32.10868951936399, 34.80498198349519, 2.5)
Algo3: (32.108682935390135, 34.80497748367441, 2.5)
Algo3: (32.10866239158084, 34.805071312656, 2.5)
Algo3: (32.108726395632566, 34.805000727378385, 2.5)
Algo3: (32.10871512508964, 34.80506885961455, 2.5)
Algo3: (32.10868873044272, 34.805098171142276, 2.5)
Algo3: (32.108744710531035, 34.80501160499204, 2.5)
Algo3: (32.10871401242699, 34.80507398729071, 2.5)
Algo3: (32.108717752381914, 34.80508343477762, 2.5)
Algo3: (32.1087115724942, 34.80506688462992, 2.5)
Algo3: (32.10873025197308, 34.80509118827862, 2.5)
Algo3: (-65.68289579236014, -2.820134951912025, 2.5)
Algo3: (32.108684454115746, 34.80521221467944, 2.5)
Algo3: (32.108709130289455, 34.805176934817524, 2.5)
Algo3: (32.10875053652443, 34.805133487272634, 2.5)
Algo3: (32.10877113785218, 34.80508496028956, 2.5)
Algo3: (30.780380975283876, -76.07989704785632, 2.5)
Algo3: (32.1087870404971, 34.805092012568736, 2.5)
Algo3: (0, 0, 0)
Algo3: (32.10874753271103, 34.805114429665906, 2.5)
Algo3: (31.95180230282708, -77.15782856079936, 2.5)
Algo3: (32.10879698744215, 34.805114911089525, 2.5)
Algo3: (32.10874849109892, 34.80511448692008, 2.5)
Algo3: (32.108857205134434, 34.805142413941354, 2.5)
Algo3: (32.109748308232234, 34.80494559321329, 2.5)
Algo3: (32.108921171904846, 34.8051360618943, 2.5)
Algo3: (32.10888097612407, 34.80510359484271, 2.5)
Algo3: (32.10888255609053, 34.80510084736787, 2.5)
Algo3: (32.10875610612598, 34.80511537658757, 2.5)
Algo3: (32.109146065221246, 34.805089092625266, 2.5)
Algo3: (32.10891160464796, 34.805123680647355, 2.5)
Algo3: (-32.10788214005931, -145.19500279043223, 2.5)
Algo3: (32.10870919311689, 34.804980617178416, 2.5)
Algo3: (32.10874738404074, 34.80511435785705, 2.5)
Algo3: (32.1088424745621, 34.80511617596361, 2.5)
Algo3: (32.10886846890985, 34.80510544839317, 2.5)
Algo3: (-32.108677571092166, -145.19473091818546, 2.5)
Algo3: (65.72193674061364, -138.75254043135433, 2.5)
Algo3: (32.10891501118698, 34.80511276683306, 2.5)
Algo3: (32.10931858297321, 34.80517278468441, 2.5)
Algo3: (32.11192290722206, 34.8055106774597, 2.5)
Algo3: (32.109096677305985, 34.80526477761929, 2.5)
Algo3: (55.994384674887904, 174.27688023034108, 2.5)
Algo3: (32.10915831875159, 34.805327825141056, 2.5)
Algo3: (53.85718113154398, 171.40796715004046, 2.5)
Algo3: (32.10898426072425, 34.8052503027972, 2.5)
Algo3: (32.108989498323204, 34.805269360769465, 2.5)
Algo3: (32.1088933329456, 34.80523177478587, 2.5)
Algo3: (-53.445600591880435, 1.5321244316789373, 2.5)
Algo3: (-32.108536911193966, -145.3020326222394, 2.5)
Algo3: (0, 0, 0)
Algo3: (32.10889464303635, 34.805258641295254, 2.5)
Algo3: (32.10891349242364, 34.80526683739122, 2.5)
Algo3: (32.10886578187238, 34.80524294040718, 2.5)
Algo3: (32.10884260433721, 34.8052177600501, 2.5)
Algo3: (32.10885112875501, 34.80523081131725, 2.5)
Algo3: (32.10887168949569, 34.8052549861987, 2.5)
Algo3: (0, 0, 0)
Algo3: (32.10884920229395, 34.805201170664404, 2.5)
Algo3: (32.1088480837402, 34.80521360037957, 2.5)
Algo3: (32.108853373502534, 34.80521604249637, 2.5)
Algo3: (32.10882754165883, 34.80524367505727, 2.5)
Algo3: (0, 0, 0)
Algo3: (32.108859328118335, 34.805209718410225, 2.5)
Algo3: (0, 0, 0)
Algo3: (32.108859337126496, 34.80521720476048, 2.5)
Algo3: (32.10901871842364, 34.80535676962727, 2.5)
Algo3: (32.10884333025314, 34.80522860737044, 2.5)
Algo3: (32.10885136145032, 34.80522595711917, 2.5)
Algo3: (0, 0, 0)
Algo3: (24.152541948158547, 132.3335922420543, 2.5)
Algo3: (32.108898946724025, 34.80522041629508, 2.5)
Algo3: (32.108939339053215, 34.805247178183755, 2.5)
Algo3: (32.108907806996584, 34.80523405505759, 2.5)
Algo3: (63.75004537654482, 174.5424631554496, 2.5)
Algo3: (0, 0, 0)
Algo3: (32.10893610082382, 34.805222234862555, 2.5)
Algo3: (-32.10879584997729, -145.1948565736798, 2.5)
Algo3: (0, 0, 0)
Algo3: (32.10895651064904, 34.80520583380033, 2.5)
Algo3: (32.10895002133731, 34.80519962703469, 2.5)
Algo3: (32.10888270969016, 34.805152735155296, 2.5)
Algo3: (0, 0, 0)
Algo3: (32.10875587379053, 34.80511720056627, 2.5)
Algo3: (32.10886027938654, 34.805154912800475, 2.5)
Algo3: (59.854490460341765, -174.24168957841957, 2.5)
Algo3: (32.108792331572296, 34.80515103593783, 2.5)